5
5
15
7
505
22
7
5
15
5
10
7
7
15
7
6
12
5
5
11
6
35
6
61
188
5
8
5
10
7
21
5
6
61
6
5
5
9
9
5
28
5
52
7
7
5
97
5
36
57
211
20
8
58
5
5
18
5
5
5
5
174
6
11
5
10
6
52
5
5
52
5
14
5
5
6
11
21
5
7
7
5
5
5
16
7
88
302
6
6
5
5
5
25
5
19
10
5
6
18
5
5
6
5
5
26
6
12
12
12
6
5
8
10
5
11
5
11
5
12
8
6
9
29
5
8
57
5
5
5
15
10
5
37
6
26
73
16
5
6
5
5
5
5
5
5
23
5
5
5
5
7
5
6
5
5
12
6
8
10
14
5
5
6
338
5
7
20
5
8
25
5
5
5
67
134
15
5
2040
10
6
5
5
9
5
6
83
23
6
15
17
6
5
19
17
5
5
165
8
5
5
5
5
6
5
5
10
7
6
5
8
5
5
5
7
13
5
27
73
6
10
18
5
6
15
5
9
76
19
24
5
25
5
6
5
6
6
5
5
5
8
5
5
5
5
9
112
6
8
15
5
5
5
34
7
5
7
78
6
5
6
13
376
6
5
9
8
5
8
9
5
8
8
8
5
7
12
5
5
71
5
7
6
5
20
14
44
5
66
7796
18
5
5
5
5
5
8
8
7
5
28
9
6
6
5
5
5
7
6
7
5
5
5
15
19
11
4329
5
11
5
42
5
11
5
7
10
11
5
31
7
5
9
71
10
6
5
5
9
5
5
54
6
5
9
27
57
14
5
8
11
81
5
5
8
29
5
11
15
5
7
6
5
12
8445
160
7
35
5
6
6
6
8
5
13
5
6
5
5
13
5
5
6
11
5
14
22
117
5
7
8
6
9
175
6
312
71
5
5
6
6
5
7
9
21
