30
6
5
5
5
5
5
5
5
5
48
5
7
5
5
5
7
5
6
5
5
5
5
5
5
6
7
7
5
21
5
6
6
5
5
6
39
5
89
5
5
7
5
7
145
121
9
5
8
5
12
5
5
7
15
34
6
7851
5
5
43
5
9
5
5
11
5
9
24
12
5
7
17
7
5
27
8
8
7
7
16
6
5
11
5
7
9
36
7
5
7
6
6
116
5
6
19
291
5
20
5
5
5
8
7
5
18
12
9
5
5
21
5
6
27
6
8
249
7
21
97
5
5
485
5
14
15
20
5
5
111
6
7
5
7
7
6
5
5
5
7
5
8
69
6
5
6
5
11
35
7
9
5
6
9
5
5
17
5
5
7
8
5
58
5
6
5
46
7
6
5
9
22
5
5
10
6
5
6
58
5
12
5
5
8
5
350
6
5
10
17
18
5
5
5
7
5
5
5
12
54
7
13
13
5
8
15
8
6
27
6
6
5
20
5
5
5
5
5
5
9
7
8
5
10
7
27
5
6
