5
5
7
5
6
6
6
5
104
106
7
17
5
5
5
6
14
44
5
20
5
7
5
6
5
5
11
14
7
42
9
129
263
11
6
5
6
5
5
5
5
5
26
5
6
5
5
5
12
14
7
15
6
5
5
5
242
17
13
6
6
5
7
7
7
7
6
5
8
8
5
8
5
6
27
12
5
5
5
17
5
6
6
7
55
7
5
5
5
5
5
7
5
5
8
55
12
75
5
5
348
11
6
5
7
5
16
11
5
5
53
20
6
5
9
18
15
5
5
9
6
10
6
5
6
10
33
6
5
27
6
5
26
5
8
9
27
25
28
8
8
5
5
7
9
8
5
9
6
5
6
5
12
37
6
5
6
6
5
5
11
5
12
7
5
5
6
5
5
9
163
10
14
5
8
5
7
14
5
11
18
5
5
5
6
5
6
5
8
7
9
540
6
10
6
7
12
5
5
7
6
8
7
15
5
5
5
47
5
86
5
7
5
13
5
19
7
7
6
68
6
74
6
9
16
72
5
5
9
10
10
6
7
9
10
7
5
26
5
8
5
6
5
14
7
5
9
5
7
15
193
5
5
105
8
5
7
7
6
6
5
5
7
7
8
5
7
28
5
15
37
5
5
6
5
21
6
6
8
6
12
7
463
5
22
8
24
6
5
5
6
42
5
26
11
5
5
6
21
5
5
5
5
9
5
14
10
22
23
5
13
14
22
11
6
10
5
12
6
21
12
5
5
5
5
6
5
5
5
5
68
160
5
25
5
6
13
6
9
10
5
14
5
5
5
5
8
17
7
296
6
302
6
5
5
5
46041
6
6
6
5
25
6
5
6
18
27
5
6
5
5
10
13
17
5
6
5
5
5
13
5
11
6
11
16
5
15
6
6
5
5
5
5
10
6
5
5
6
15
5
1702
5
29
42
5
5
5
7
6
5
7
11
37
5
5
5
5
6
5
16
5
5
5
15
11
6
5
7
5
5
169
5
15
6
5
6
24
12
5
9
35
19
29
5
5
5
8
31
5
5
5
7
6
5
6
20
14
6
234
6
10
25214
5
16
26
5
35
5
12
8
5
5
14
5
7
5
6
557
10
5
6
5
5
5
5
6
6
27
5
6
20
6
5
11
44
8
22
17
5
6
5
133
5
45
7
6
16
5
7
6
5
70
10
22
16
5
5
5
8
5
6
7
5
6
5
46
10
5
8
17
6
8
7
11
5
17
7
13
5
6
5
5
5
10
14
7
5
5
8
7
9
12
5
18
5
6
5
5
6
6
5
17
5
6
6
6
6
21
8
5
13
5
5
30
13
34
5
5
5
5
46
5
5
11
6
5
6
68
5
12
10
6
8
5
5
5
7
6
7
7
5
5
8
3727
5
23
7
6
5
90
5
31
5
12
8
6
5
6
5
7
5
6
317
5
5
6
5
8
5
122
6
12
8
6
5
7
6
5
5
5
5
170
7
5
6
5
7
129
5
5
6
6
10
6
10
6
44
6
7
10
5
5
7
5
14
5
9
6
234
11
5
11
6
29
9
7
7
6
5
6
5
5
15
8
6
18
12
5
5
42
6
5
5
13341
5
5
8
7
5
5
6
5
27
6
7
16
5
8
5
7
5
6
6
5
5
5
6
5
5
5
21
6
5
2485
316
360
6
6
7
6
5
5
5
7
8
7
5
5
5
5
392
144
22
8
5
8
5
13
6
5
42
8
5
11
5
5
11464
5
5
123
6
5
5
38
5
5
5
5
12
7
25
5
104
5
10
5
5
5
21
6
6
8
6
11
5
5
5
7
37
6
10
11
7
17
24
6
16
5
5
7
5
7
5
7
5
5
15
6
6
33
5
9
5
5
6
6
5
5
6
12
18
6
10
5
7
9
6
8
5
39
6
7
5
7
5
945
6
5
5
18
8
5
6
5
33
6
10
5
5
5
5
5
6
6
5
13
5
6
6
6
168
17
10
25
79
5
7
7
7
14
5
5
16
5
5
5
131
6
5
6
586
6
5
7
5
6
95
7
7
8
7
13
42
9
5
5
5
8
5
5
5
11
5
7
540
11
5
5
5
5
315
563
5
7
9
5
9
5
17
5
5
9
5
5
5
5
6
6
5
7
6
7
10
5
6
5
6
78
9
7
8
5
6
48
10
9
6
8
5
15
7
6
5
21
5
6
9
20
7
7
6
41
9
15
22
9
5
665
11
9
7
6
5
62
5
10
5
5
8
5
7
7
10
23
12
5
7
7
12
12
6
13
7
9
5
5
5
348
7
6
10
5
5
5
57
5
8
7
5
6
6
31
5
112
34
6
11
22
5
5
117
9
7
18
220
5
6
14
7
5
7
5
13
27
9
77214
7
5
5
5
5
5
6
6
8
5
5
9
5
11
5
5
5
7
30
14
5
22
5
18
6
5
5
5
5
28
5
13
7
5
7
5
40
8
5
6
6
5
5
6
450
9
13
15
5
5
14
12
6
5
5
5
5
5
5
5
6
14
8
5
6
5
6
20
5
5
7
5
20
8
56
837
27
8
42
7
5
5
5
7
5
5
71
9
10
7062
6
6
5
5
5
19
14
5
8
5
14
108
6
5
5
5
7
5
6
6
7
8
28
11
6
5
9
11
591
16
5
5
5
5
7
5
52
238
8
6
5
6
5
5
8
6
8
42
12
5
8
5
5
31
104
5
7
5
7
5
5
7
5
8
6
6
6
5
5
5
6
5
7
43
16
93
45
5
31
5
13
5
5
5
5
9
28
13
11
5
5
5
7
7
5
7
13
23
8
5
5
12
5
19
15
21
6
5
13
5
6
16
5
5
5
5
320
8
5
9
75
5
18
17
5
6
112
5
14
6
5
18
117
7
89
8
5
7
5
5
6
6
5
24
6
5
5
9
12
34
6
21
5
5
5
6
6
197
15
10
10
17
5
10
5
6
5
6
11
5
8
13
5
7
6
5
24
406
6
6
7
5
5
9
5
5
10
25
12
5
5
5
12
271
6
11
5
14
8
5
5
5
15
5
9
5
9
8
6
5
11
6
6
8
5
13
7
96
11
3372
5
5
5
7
5
5
9
7
5
14
5
8
5
5
5
6
8
7
9
6
6
8
5
5
5
5
11
5
5
5
5
5
5
18
5
5
5
5
5
14
9
5
5
557
12
10
6
5
5
6
5
5
6
5
1276
5
13
5
11
8
5
5
5
5
18
5
10
5
8
5
5
15
6
50
5
18
6
5
15
5
323
10
5
6
5
5
6
5
14
5
11
13
6
5
222
5
7
5
5
5
6
8
8
5
6
9
147
5
8
9
9
6
73
6
38
5
167
7
5
12
8
11
5
7
23
5
84
62
51
5
5
6
8
5
6
6
3069
5
6
115
5
5
5
6
6
345
5
8
15
6
5
5
7
6
16
35
5
9
6
11
15
23
5
5
5
5
5
5
5
6
5
5
5
7
5
7
28
8
6
5
41
29
8
12
5
5
5
14
8
29
5
12
5
12
11
5
6
5
8
10
6
19
8
12
5
6
142
5
45
6
5
7
5
6
5
5
27
12
5
14
431
5
6
5
6
8
5
5
10
10
10
53
9
6
5
5
5
8
5
8
35
1022
5
5
5
8
6
7
5
8
9
9
5
25
5
513
5
10
6
5
2549
5
5
17
5
137
1526
5
15
6
8
6
7574
23
5
70
5
5
6
5
5
5
315
21
5
12
5
6
21
29
7
10
9
5
6
15
9
5
5
5
89
5
5
5
5
5
190
16
19
10
5
6
47
13
6
10
13
15
445
35
20
20
5
9
5
8
5
5
6
6
7
11
7
6
20
8
5
5
5
69
8
6
5
6
465
398
10
5
14
7
8
5
8
6
45
5
5
8
30
5
5
12
639
5
6
18
5
5
35
6
5
5
9
7
5
50
5
6
6
5
10
6
7
20
56
8429
9
5
10
5
29
23
5
5
17
7
6
5
5
5
5
12
989
11
5
6
6
5
5
6
5
201
8
31
5
5
119
14
173
7
9
6
5
8
5
6
8
40
11
5
15
6
8
5
5
109
6
5
5
6
6
5
5
7
6
5
8
5
14
6
8
32
5
14
8
178
6
6
9
5
113
30
7
5
43
5
10
19
55
6
6
16
5
7
5
5
6
7
5
14
18
7
6
5
5
5
5
5
12
5
5
7
5
49
5
5
7
6
5
5
5
5
5
6
12
5
8
6
5
5
12
7
6
5
7
6
11
7
5
7
6
5
38
6
12
7
5
5
5
6
5
5
34
16
41
8
5
5
5
6
6
6
5
5
5
5
6
5
17
5
6
5
1045
6
5
10
8
31
34
7
5
8
5
5
5
9
5
5
23
17
6
5
5
8
5
9
5
5
7
5
11
6
5
5
5
11
6
5
5
13
104
5
7
14
5
5
15
5
13
5
5
8
6
5
5
5
5
22
16
30
6
8
7
5
6
27
6
5
20
599
5
27
7
6
9
5
6
5
5
11
9
8
62
6
32
6
5
5
6
14
332
11
6
157
5
14
6
10
6
5
14
402
5
8
8
7
7
6
12
6
5
55
6
6
12
9
39
5
1197
13
8
35
5
16
6
5
6
12
5
8
5
5
9
8
5
6
16
6
5
5
5
7
10
5
33
124
86
40
18
6
5
6
14
6
11
5
7
6
6
5
37
6
5
6
14
8
5
33
5
13
7
5
20
5
18
18
6
5
21
5
8
5
7
7
5
24
5
6
80
5
7
608
6
6
13
8
20
22
7
6
13
5
96
6
6
6
6
9
7
7
20
14
5
5
5
5
5
99
8
11
17
11
6
373
7
10
5
5
5
5
5
32
5
5
6
5
5
5
5
5
5
5
5
6
8
7
5
6
11
5
6
16
6
5
15
5
207
5
6
5
64
11
31
9
5
5
5
5
6
7
951
10
5
6
8
6
8
13
5
12
17
5
5
5
8
39
9
5
9
5
16
42
5
5
8
87
10
5
21
5
5
5
5
143
9
8
377
41
7
11
5
16
6
8
19
5
5
129
11
9
5
5
5
5
5
5
32
5
5
7
7
346
6
5
5
6
11
12
5
7
5
59
5
5
5
6
12
5
5
5
7
6
8
20
11
5
5
6
6
13
9
5
34
7
6
5
6
8
27
59
343
11
21
7
6
18
17
6
5
5
10
5
5
6
6
6
5
5
35
5
5
6
8
6
5
9
5
6
9
36
9
19
6
5
7
5
6
10
6
18
8
5
6
5
6
5
10
5
5
6
9
664
6
5
32
5
7
13
5
5
8
14
7
16
7
100
5
5
9
5
54
11
5
13
16
137
6
16
6
6
8
13
5
6
8
5
7
6
5
10
6
13
18
11
17
6
6
6
11
34
5
5
747
19
991
9
833
5
5
5
7
8
5
9
5
6
10
6
5
6
5
5
5
8
15
6
11
5
69
5
24
19
25
17
7
9
5
6
5
8
5
27
29
5
7
7
7
5
39
8
5
5
7
6
6
10
54
8
5
8
6
15
5
7
111
7
7
5
29992
6
5
5
7
25
5
6
5
5
6
5
5
9
5
5
5
6
11
5
5
11
6
9
7
15
5
39
5
6
6
34
5
10
6
5
9
7
8
5
22
5
5
17
7
6
102
5
5
7
5
5
71
5
38
5
5
5
7
8
5
9
5
5
6
10
13
6
19
11
6
8
6
6
6
7
14
5
5
5
6
5
5
5
7
5
5
8
5
5
10
5
12
7
7
5
18
9
8
8
12
6
6
5
8
142
5
78
5
163
12
5
12
7
6
11
8
11
5
7
6
5
5
5
24
5
9
5
53
41
221
5
5
46
13
36
6
21
6
7
5
5
8
5
5
1598
10
5
7
5
10
7
6
13
5
5
6
5
6
7
5
9
15
6
5
6
7
17
5
5
10
19
95
188
16
277
11
15
5
316
5
5
8
8
7
6
7
5
11
8
5
5
5
11
5
5
5
5
7
221
10
6
285
12
12
5
8
5
9
7
12
27
5
8
5
20
5
92
17
5
5
5
6
32
5
5
5
5
13
8
8
5
6
5
5
5
43
5
12
6
5
5
5
5
6
5
6
76
6
10
6
5
5
10
5
12
6
5
5
5
239
5
5
11
5
5
5
9
5
6
18
14
6
23
6
8
19
6
5
5
5
9848
12
5
20
6
9
5
5
5
5
5
29
8
8
5
17
5
12
6
7
9
7
6
7
5
5
5
5
5
18
71
9
5
20
8
7
7
5
7
5
7
5
5
12
114
6
10
7
11
5
7
493
5
5
6
8
5
6
5
6
5
5
7
5
15
5
359
5
5
5
10
5
5
6
7
5
5
6
5
5
5
5
12
7
6
5
5
7
53
5
5
5
5
5
5
5
5
5
17
5
6
6
6
14
140
10
5
5
7
15
7
39
6
5
5
19
10
14
5
509
6
5
13
6
7
5
5
10
5
5
5
5
6
7
5
5
7
6
7
5
7
5
12
12
5
6
5
5
11
6
7
9
5
7
5
5
144501
5
5
5
5
18
5
6
12
8
8
5
7
54
12
41
31
6
10
18
5
5
36
1718
114
5
5
5
5
6
5
5
7
5
19
6
21
11
26
5
5
5
5
9
5
5
5
5
5
5
7
7
6
77
5
5
6
5
5
5
63
5
5
5
10
5
5
35
12
6
5
5
5
12
6
29
8
10
10
5
5
5
32
5
5
5
5
6
12
1164
5
25
12
5
6
14
175
5
8
6
6
34
5
5282
5
6
7
6
6
15
6
21
5
5
5
11
6
12
6
12
7
7
5
5
6
5
9
34
6
5
8
14
103
6
5
5
5
12
5
5
8
9
5
5
6
5
6
5
5
111
5
6
354
8
7
6
8
7
5
5
165
17
5
5
7
5
5
19
9
5
7
5
12
5
5
5
5
5
5
5
7
8
7
12
5
78
8
6
10
5
5
81
6
7
5
7
6
7
6
110
5
5
7
5
5
15
5
6
7
6
5
7
5
5
5
5
6
5
27
6
6
5
16
7
5
24
9
5
5
10
5
6
30
9
8
12
5
7
5
5
5
6
5
5
5
5
7
18
5
18
5
19
6
7
5
5
7
6
16
9
5
5
5
56
15
6
5
5
22
6
10
5
6
74
5
5
7
6
59
8
7
5
10
5
6
5
5
25
33
5
10
5
551
8
9
7
5
234
10
